-0.993464362587516202254561240606
-0.97814668887993794894522466071
-0.954230648912807528407243162715
-0.921928295677448922742806721209
-0.881523836512273264398476384508
-0.833372442803142614912341975412
-0.777897306431867410882036818966
-0.715585960720219005997250572581
-0.646986007936014624377186337876
-0.572700311274922844790932191633
-0.493381698673270957436489015901
-0.409727226559592744857377904112
-0.322472054511488993577467069213
-0.232382984869116843063347681561
-0.140251724176193858371309289247
-0.0468879257129706800868391476624
0.0468879257129706800868391476624
0.140251724176193858371309289247
0.232382984869116843063347681561
0.322472054511488993577467069213
0.409727226559592744857377904112
0.493381698673270957436489015901
0.572700311274922844790932191633
0.646986007936014624377186337876
0.715585960720219005997250572581
0.777897306431867410882036818966
0.833372442803142614912341975412
0.881523836512273264398476384508
0.921928295677448922742806721209
0.954230648912807528407243162715
0.97814668887993794894522466071
0.993464362587516202254561240606
