-0.999562286835836620432942957241
-0.99853290339910501330865616611
-0.996915735395809890758634365931
-0.994711859668608350886409971484
-0.991922595276260751664052919208
-0.988549589974756135301750877581
-0.984594831081023598822295093094
-0.980060646957324351055934317048
-0.974949706432864093574217442112
-0.969265017518586152533594049355
-0.963009925754785993707270612875
-0.956188112296187136411366177008
-0.948803591772351293705522195719
-0.940860709939265873340161081731
-0.932364141129823594488015328793
-0.923318885507653886236159332324
-0.913730266127392306939030943347
-0.903603925803887208997350625563
-0.892945823792606902422669268091
-0.881762232283440160702824301131
-0.870059732710094209911711786984
-0.857845211877347429574692977295
-0.845125857908488984276753460333
-0.831909156015364177010620150577
-0.818202884093536907843704379247
-0.804015108145176131317151873065
-0.789354177532369841190387470173
-0.774228720063666800910207335881
-0.758647636916742319223605964265
-0.742620097400179415587255262132
-0.726155533557450442585046220669
-0.709263634616276430719602197166
-0.69195434128663194582641559587
-0.674237839910751985666864734223
-0.656124556468584296502992685231
-0.637625150442215383703240500893
-0.618750508542881353711787040338
-0.599511738304255496137037983372
-0.579920161545783137565470294156
-0.559987307709910720234505593493
-0.539724907077130229305502340201
-0.519144883862831965187852699879
-0.498259349200028187463249456152
-0.47708059401207730175661957703
-0.455621081779602979575360284544
-0.433893441205864854632337930722
-0.411910458784897190116239146696
-0.389685071276789124062654347621
-0.367230358094534740324168488752
-0.344559533606933248163502847285
-0.321685939362068953332915978408
-0.298623036235947438394924210337
-0.275384396510908412333798147216
-0.251983695888477013170925287858
-0.228434705441353927921362257614
-0.204751283509280509038486263203
-0.180947367543548094355868008549
-0.157036965904950958969306580016
-0.133034149620009724687053933104
-0.108953044100316609461540007251
-0.0848078208298756011276184629701
-0.0606126890253294740214061796278
-0.0363818872739815225424508763215
-0.0121296751545329530497030787574
0.0121296751545329530497030787574
0.0363818872739815225424508763215
0.0606126890253294740214061796278
0.0848078208298756011276184629701
0.108953044100316609461540007251
0.133034149620009724687053933104
0.157036965904950958969306580016
0.180947367543548094355868008549
0.204751283509280509038486263203
0.228434705441353927921362257614
0.251983695888477013170925287858
0.275384396510908412333798147216
0.298623036235947438394924210337
0.321685939362068953332915978408
0.344559533606933248163502847285
0.367230358094534740324168488752
0.389685071276789124062654347621
0.411910458784897190116239146696
0.433893441205864854632337930722
0.455621081779602979575360284544
0.47708059401207730175661957703
0.498259349200028187463249456152
0.519144883862831965187852699879
0.539724907077130229305502340201
0.559987307709910720234505593493
0.579920161545783137565470294156
0.599511738304255496137037983372
0.618750508542881353711787040338
0.637625150442215383703240500893
0.656124556468584296502992685231
0.674237839910751985666864734223
0.69195434128663194582641559587
0.709263634616276430719602197166
0.726155533557450442585046220669
0.742620097400179415587255262132
0.758647636916742319223605964265
0.774228720063666800910207335881
0.789354177532369841190387470173
0.804015108145176131317151873065
0.818202884093536907843704379247
0.831909156015364177010620150577
0.845125857908488984276753460333
0.857845211877347429574692977295
0.870059732710094209911711786984
0.881762232283440160702824301131
0.892945823792606902422669268091
0.903603925803887208997350625563
0.913730266127392306939030943347
0.923318885507653886236159332324
0.932364141129823594488015328793
0.940860709939265873340161081731
0.948803591772351293705522195719
0.956188112296187136411366177008
0.963009925754785993707270612875
0.969265017518586152533594049355
0.974949706432864093574217442112
0.980060646957324351055934317048
0.984594831081023598822295093094
0.988549589974756135301750877581
0.991922595276260751664052919208
0.994711859668608350886409971484
0.996915735395809890758634365931
0.99853290339910501330865616611
0.999562286835836620432942957241
