-0.998289302557966964184480584047
-0.994269065239866109987531882607
-0.987961358114584882645468611938
-0.979381178755804385662736759316
-0.968548348394562378112212767551
-0.95548780759761579227870683101
-0.940229605206947566083484058803
-0.922808839617329283457457545872
-0.903265581151352774067946626021
-0.881644781015440349649282423912
-0.85799616837298789493756738343
-0.83237413617744464628582405059
-0.804837616171933170232307481428
-0.775449943400108296921004075711
-0.744278710564736385345020900575
-0.711395612580596901872944293447
-0.676876281685017985058407952524
-0.640800113488323090022545898313
-0.60325008436593524966628686681
-0.56431256061308617566585571111
-0.524077099801635990522631049181
-0.482636244796226462401802121888
-0.440085310903747462025822873089
-0.396522166645814041955728369275
-0.352047008658572233789096807997
-0.306762131237629743790232126254
-0.260771691058205369494934289608
-0.214181467611675881304199160125
-0.167098619909543430910151217129
-0.119631440014426163239547814123
-0.071889103964968982041901416318
-0.023981420667563004504299717
0.023981420667563004504299717
0.071889103964968982041901416318
0.119631440014426163239547814123
0.167098619909543430910151217129
0.214181467611675881304199160125
0.260771691058205369494934289608
0.306762131237629743790232126254
0.352047008658572233789096807997
0.396522166645814041955728369275
0.440085310903747462025822873089
0.482636244796226462401802121888
0.524077099801635990522631049181
0.56431256061308617566585571111
0.60325008436593524966628686681
0.640800113488323090022545898313
0.676876281685017985058407952524
0.711395612580596901872944293447
0.744278710564736385345020900575
0.775449943400108296921004075711
0.804837616171933170232307481428
0.83237413617744464628582405059
0.85799616837298789493756738343
0.881644781015440349649282423912
0.903265581151352774067946626021
0.922808839617329283457457545872
0.940229605206947566083484058803
0.95548780759761579227870683101
0.968548348394562378112212767551
0.979381178755804385662736759316
0.987961358114584882645468611938
0.994269065239866109987531882607
0.998289302557966964184480584047
