-0.999993019562800827486765746626
-0.999976599503463495868913291466
-0.999950792276393111962065223954
-0.999915600119017129467601382693
-0.999871023713823330788426879893
-0.999817063579556132949212931053
-0.999753720259848300768403259274
-0.999680994365513274975615465735
-0.999598886587156410638669706436
-0.999507397699714321809587889243
-0.999406528564323475717859826278
-0.999296280129170005612751890509
-0.999176653429906183733033770418
-0.999047649589865859041538192224
-0.998909269820179708390131697714
-0.998761515419837415804749013116
-0.998604387775720179494037456232
-0.998437888362615786326511306559
-0.998262018743222947605816477035
-0.99807678056814870137810965118
-0.997882175575901119141968651917
-0.997678205592878673214519027829
-0.997464872533357109035341100941
-0.997242178399474360783936226964
-0.997010125281213861165118117393
-0.996768715356386478573790682072
-0.99651795089061123947848517017
-0.99625783423729494463810443625
-0.995988367837610755048118467782
-0.995709554220475801411680381553
-0.995421396002527855778327414666
-0.995123895888101093459769736113
-0.994817056669200965916314532794
-0.994500881225478200023963678319
-0.994175372524201935326260840084
-0.993840533620232008105074399021
-0.993496367655990389069289203291
-0.993142877861431779951619167949
-0.992780067554013373175976634649
-0.992407940138663777908345906999
-0.99202649910775111515968421352
-0.991635748041050284117315217126
-0.991235690605709401503324814261
-0.990826330556215415466600523801
-0.990407671734358895288697897877
-0.989979718069197998007294864412
-0.989542473577021612923092137897
-0.98909594236131168484795080115
-0.988640128612704716867235350258
-0.988175036608952453322717443908
-0.987700670714881743670124150139
-0.987217035382353587824495636973
-0.986724135150221363574628729366
-0.986221974644288236623210830335
-0.985710558577263753790369727612
-0.985189891748719619904155917951
-0.984659979045044658891045553078
-0.98412082543939895957219580521
-0.983572435991667206666334335551
-0.983014815848411197497366315637
-0.982447970242821544903670005104
-0.981871904494668566846329089414
-0.981286624010252363214976383744
-0.980692134282352080332303192903
-0.980088440890174363661461384646
-0.979475549499300999224419658813
-0.978853465861635744243723404793
-0.978222195815350347524959621154
-0.977581745284829760102470656155
-0.976932120280616536676431576163
-0.976273326899354428375254599768
-0.975605371323731167383367494037
-0.974928259822420443980695303766
-0.974241998750023076546626197505
-0.97354659454700737508783724014
-0.972842053739648698856073162185
-0.972128382939968208628792599621
-0.97140558884567081423250647876
-0.970673678240082317895619169607
-0.969932657992085754024633607876
-0.969182535056056926004687290975
-0.968423316471799140632538754469
-0.96765500936447714079731685518
-0.966877620944550237031571925236
-0.966091158507704638562423447688
-0.965295629434784984499878873556
-0.964491041191725075806698688215
-0.963677401329477808701500490335
-0.962854717483944310154126756427
-0.962022997375902276139644591398
-0.961182248810933513324698895909
-0.960332479679350684867301077884
-0.959473697956123261018501999932
-0.958605911700802675221768795065
-0.95772912905744668641325918604
-0.956843358254542948233562849587
-0.955948607604931785868856150091
-0.955044885505728181246793318372
-0.954132200438242967319833061818
-0.953210560967903232176073941664
-0.95227997574417193372504399821
-0.951340453500466725713259468614
-0.950392003054077995831733506752
-0.949434633306086116684978114069
-0.948468353241277910398400603035
-0.947493171928062327648349459034
-0.946509098518385341906413095392
-0.945516142247644059696918393683
-0.94451431243460004767391379825
-0.943503618481291877331253824924
-0.942484069872946888166727905137
-0.941455676177892170128496292593
-0.940418447047464766179409101684
-0.939372392215921095822091230729
-0.938317521500345600434975767947
-0.937253844800558611276761314416
-0.93618137209902344102405432701
-0.935100113460752699714235935704
-0.934010079033213835972863582036
-0.93291127904623390441218112462
-0.931803723811903560094566635841
-0.93068742372448028096199484934
-0.929562389260290819139830994153
-0.928428630977632882030504456635
-0.927286159516676044119834238034
-0.92613498559936189042599342011
-0.924975120029303392528306713279
-0.923806573691683518120273544281
-0.922629357553153075038398948957
-0.921443482661727790725595678678
-0.920248960146684628095093316685
-0.919045801218457338767953745765
-0.917834017168531254664446925713
-0.91661361936933731893668654414
-0.915384619274145357237061615084
-0.914147028416956590324127435758
-0.912900858412395389014737393089
-0.911646120955600272498305860028
-0.910382827822114151036191759798
-0.909110990867773814076282227822
-0.907830622028598664819936090821
-0.906541733320678702285517535805
-0.905244336840061751919811284695
-0.903938444762639945815661749985
-0.90262406934403545360121995077
-0.901301222919485465073213344819
-0.899969917903726425653675109839
-0.898630166790877525756580715008
-0.897281982154323445157840791877
-0.895925376646596353469090272132
-0.894560362999257167822694439039
-0.893186954022776068882362870661
-0.891805162606412276300722167494
-0.890415001718093084752147786842
-0.889016484404292161676094182872
-0.887609623789907107873090707486
-0.886194433078136282102488295284
-0.884770925550354890837948769126
-0.883339114565990344343564594166
-0.881899013562396880240382011196
-0.880450636054729455739974628458
-0.878993995635816909728577678519
-0.877529105976034395892145187595
-0.876055980823175088079533193164
-0.874574634002321159107841816276
-0.873085079415714034220767382564
-0.871587331042623920417622825264
-0.870081402939218612877480229922
-0.868567309238431579709673528981
-0.86704506414982932626867196067
-0.865514681959478040278095906195
-0.863976177029809519015396047851
-0.86242956379948637981545438442
-0.860874856783266555158091435096
-0.859312070571867073611177895537
-0.857741219831827127907751015826
-0.856162319305370431442225986788
-0.854575383810266864477470584896
-0.852980428239693411361177173832
-0.851377467562094390056619829615
-0.849766516821040975299525783269
-0.848147591135090016699419497517
-0.846520705697642153110414449436
-0.844885875776799224603032016937
-0.843243116715220983375218701062
-0.841592443929981104947312196296
-0.83993387291242250099227348526
-0.838267419228011935159056120582
-0.836593098516193943253525103461
-0.834910926490244059147866214066
-0.833220918937121347795942231783
-0.831523091717320246738555142206
-0.829817460764721717489063101429
-0.828104042086443708196277555521
-0.826382851762690928988029433174
-0.824653905946603941405243681536
-0.822917220864107563342798538537
-0.821172812813758590919869769034
-0.819420698166592838708870576393
-0.817660893365971499758494975509
-0.815893414927426826852756017425
-0.814118279438507136454280329853
-0.812335503558621136786476921913
-0.810545104018881581515541035756
-0.80874709762194825049958295262
-0.80694150124187025907848701697
-0.805128331823927697384407670221
-0.803307606384472601159096925994
-0.801479342010769255570531412813
-0.799643555860833833527566798683
-0.797800265163273369997593036245
-0.795949487217124073838395368597
-0.794091239391688978661643355757
-0.792225539126374934251633261823
-0.790352403930528940069097924824
-0.788471851383273822376072656968
-0.786583899133343256523965734457
-0.784688564898916135953127575441
-0.78278586646745028945834371427
-0.780875821695515548280793102434
-0.778958448508626164593115043976
-0.777033764901072582950315148506
-0.775101788935752566285313000943
-0.773162538744001678033991746919
-0.771216032525423121980652419354
-0.769262288547716941420803528457
-0.767301325146508579244229147596
-0.765333160725176800547276394813
-0.763357813754680979389285777771
-0.761375302773387751314055282549
-0.759385646386897033263181287904
-0.757388863267867412514056320464
-0.755384972155840906281225277149
-0.753373991857067093625707973271
-0.751355941244326621322786672856
-0.749330839256754085344632566397
-0.747298704899660289620004925435
-0.745259557244353883739100827888
-0.743213415427962381277461858314
-0.741160298653252560418656988278
-0.739100226188450248561257879412
-0.737033217367059492601404071012
-0.734959291587681116588020860889
-0.732878468313830668453502108649
-0.730790767073755757528403630483
-0.728696207460252784554410260254
-0.726594809130483065915540969424
-0.724486591805788353813241614614
-0.722371575271505754116683863122
-0.720249779376782043625241580127
-0.718121224034387388485752393706
-0.715985929220528465512792232157
-0.713843914974660988165794299773
-0.711695201399301638942431169522
-0.709539808659839409953249371617
-0.707377756984346353448099993444
-0.705209066663387744070446326601
-0.703033758049831654621150448915
-0.700851851558657947118844761442
-0.698663367666766680949481860961
-0.696468326912785939903126665804
-0.694266749896879079901508375742
-0.69205865728055139922528658381
-0.689844069786456233055405618467
-0.687623008198200474148313927355
-0.685395493360149521470210968588
-0.683161546177231658620852601293
-0.680921187614741863882797313728
-0.67867443869814505373730974445
-0.676421320512878761693454789689
-0.674161854204155254282215098313
-0.671896060976763086072746884941
-0.669623962094868095573153692108
-0.667345578881813843883404954745
-0.665060932719921497973255915099
-0.662770045050289160463237554707
-0.660472937372590647791979703149
-0.658169631244873718658307302248
-0.655860148283357754631708900671
-0.653544510162230894829917779041
-0.65122273861344662656746961139
-0.648894855426519833884206207134
-0.646560882448322305867782600629
-0.644220841582877706689304515158
-0.64187475479115600927627497731
-0.639522644090867394552062548605
-0.637164531556255618176119226863
-0.634800439317890846724173502923
-0.632430389562461965252603292166
-0.63005440453256835819615444801
-0.627672506526511165553113259681
-0.625284717898084016316965692648
-0.622891061056363241118482100997
-0.620491558465497566047053680597
-0.618086232644497289624975994362
-0.615675106167022944913225440524
-0.613258201661173448732106506087
-0.610835541809273739984961005146
-0.608407149347661909077925200415
-0.605973047066475820433496701074
-0.603533257809439230100430276089
-0.601087804473647400467220174883
-0.598636710009352214091146162103
-0.596179997419746788659561205982
-0.593717689760749595104780566352
-0.591249810140788080898594864685
-0.588776381720581800557073540989
-0.58629742771292505539094986728
-0.583812971382469044541484351327
-0.581323036045503529346289884238
-0.578827645069738013084169318089
-0.576326821874082438152564262405
-0.573820589928427402735742718179
-0.571308972753423899026362682735
-0.568791993920262575067539015818
-0.566269677050452522287011614658
-0.563742045815599590799464261456
-0.561209123937184234557475339049
-0.558670935186338888435993917707
-0.556127503383624879339627456897
-0.553578852398808873426400498935
-0.551025006150638861545997215957
-0.548465988606619684994834466486
-0.545901823782788103694626082555
-0.543332535743487408905393402289
-0.540758148601141582588151545734
-0.538178686516029005536755563553
-0.535594173696055716402625328866
-0.533004634396528223740282852467
-0.530410092919925873205830541156
-0.527810573615672772044673748749
-0.525206100879909273008945750212
-0.522596699155263019849227962364
-0.519982392930619556529272800856
-0.517363206740892502316530964109
-0.514739165166793294905359132061
-0.512110292834600503733838022843
-0.509476614415928715659164425622
-0.506838154627496995160594185216
-0.504194938230896921242906115767
-0.501546990032360203217329429531
-0.498894334882525877540829445193
-0.496236997676207087898578051189
-0.493575003352157450718346606163
-0.490908376892837008309449624433
-0.488237143324177771822737682505
-0.485561327715348856231987457029
-0.482880955178521209540865628959
-0.48019605086863193842345152717
-0.477506639983148232510090801621
-0.474812747761830889534119075821
-0.472114399486497443558740395458
-0.469411620480784898507070329525
-0.466704436109912069222057757041
-0.463992871780441532286682651862
-0.461276952940041188838489525486
-0.458556705077245441616157568806
-0.455832153721215988479428914318
-0.453103324441502234647315786316
-0.450370242847801325903085584373
-0.447632934589717805018080121323
-0.444891425356522893649961277596
-0.442145740876913401974490206012
-0.439395906918770268313440891939
-0.436641949288916731024721310335
-0.433883893832876134924226591041
-0.431121766434629374512378474284
-0.428355593016371976281713877679
-0.425585399538270822385272571884
-0.422811211998220517948899742868
-0.420033056431599404313923572764
-0.417250958911025220499990867197
-0.414464945546110415181145163599
-0.411675042483217111471511641343
-0.40888127590521172682021148975
-0.406083672031219250318365143681
-0.403282257116377179724258937954
-0.400477057451589120515943231231
-0.397668099363278049283701877225
-0.39485540921313924377798304635
-0.392039013397892881931509794701
-0.389218938349036312177395410176
-0.386395210532595997388173408452
-0.383567856448879134763715075423
-0.380736902632224953999048628989
-0.377902375650755696066113372982
-0.375064302106127274946479611446
-0.372222708633279624655040554101
-0.369377621900186733897635945883
-0.36652906860760637070849866704
-0.363677075488829499416325048107
-0.360821669309429392290657098627
-0.357962876867010438223130232847
-0.355100724990956650800983362729
-0.352235240542179878133049391959
-0.349366450412867716791243157566
-0.346494381526231132233340702168
-0.343619060836251788075598393554
-0.34074051532742908658649281352
-0.337858772014526922775572488959
-0.334973857942320154454100409608
-0.332085800185340790646831843584
-0.329194625847623900736915198594
-0.326300362062453246728524558954
-0.323403035992106641014431031452
-0.320502674827601032038296132485
-0.317599305788437320244024120402
-0.314692956122344906707041396778
-0.311783653105025976844879844644
-0.308871424039899521606927216848
-0.305956296257845098545671410592
-0.303038297116946335174206641459
-0.300117454002234177017188139128
-0.297193794325429882764818004726
-0.294267345524687768941818273909
-0.291338135064337706505697998027
-0.288406190434627371790949266029
-0.285471539151464254218112520294
-0.282534208756157423188934248661
-0.279594226815159056591100141163
-0.276651620919805733338264062139
-0.273706418686059492373307685508
-0.27075864775424866056495735228
-0.267808335788808451930053614187
-0.264855510478021340615915005469
-0.261900199533757210079360815975
-0.258942430691213280901058003132
-0.255982231708653819675934858115
-0.253019630367149631422458613317
-0.250054654470317337955605824677
-0.247087331844058444670363064424
-0.244117690336298198184581198674
-0.241145757816724237291969281156
-0.238171562176525039677953851065
-0.235195131328128166853046161087
-0.232216493204938309760253563332
-0.229235675761075137514941928261
-0.226252706971110951737403547248
-0.223267614829808148940209455823
-0.220280427351856493434226494753
-0.217291172571610203218957683046
-0.214299878542824851324619594023
-0.211306573338394085075102386306
-0.208311285050086165742666929685
-0.205314041788280331066919065282
-0.202314871681702983112263434464
-0.199313802877163703939678485892
-0.196310863539291101570270209616
-0.193306081850268488719654836046
-0.190299486009569396783790160942
-0.187291104233692927558421300687
-0.184280964755898945175829530341
-0.181269095825943110744072396193
-0.178255525709811762175379510549
-0.175240282689456641691821315506
-0.172223395062529473497797630876
-0.169204891142116394110298965672
-0.166184799256472237839276359687
-0.163163147748754679911814918467
-0.160139964976758239735142198802
-0.157115279312648146794815180181
-0.154089119142694071685718708042
-0.151061512867003724774774005179
-0.148032488899256324995498106296
-0.145002075666435941275773865884
-0.14197030160856470910138550984
-0.138937195178435924719046535341
-0.135902784841347019483795100464
-0.132867099074832416856756874082
-0.129830166368396274560376627132
-0.126792015223245114399297628109
-0.12375267415202034225612214851
-0.120712171678530660772317077921
-0.117670536337484377225535784013
-0.114627796674221609115610920278
-0.111583981244446389972432874742
-0.108539118613958677899864957142
-0.105493237358386269370759231293
-0.1024463660629166207890261051
-0.0993985333220285803355763845025
-0.0963497677392240326157964714831
-0.0933000979267594586270357321753
-0.0902495525053774135653797714579
-0.0871981601040379249917544177055
-0.08414594935964981387815263837
-0.0810929489168019410555003667814
-0.0780391874274943815853773161723
-0.0749846935508695295784852818929
-0.0719294959529431359834091807335
-0.0688736233063352818698451410924
-0.0658171042900012897310753335041
-0.0627599675889625753310509121081
-0.0597022418940374426220024185194
-0.0566439559015718242590312750324
-0.0535851383131699702386465591302
-0.0505258178354250871886981010912
-0.0474660231796499308376200765168
-0.0444057830616073541913386714973
-0.041345126201240813946613075773
-0.0382840813224048376699710047173
-0.0352226771525954542717681606109
-0.0321609424226805903052455140142
-0.029098905866630434620779013862
-0.0260365962212477739058133171803
-0.0229740422258983016412443632809
-0.0199112726222409030052651003508
-0.0168483161539579182559144021903
-0.0137852015664853871237711873382
-0.0107219576067432767464139700651
-0.00765861302286569567642053104155
-0.00459519656393109649481309344612
-0.00153173697969246956196132664616
0.00153173697969246956196132664616
0.00459519656393109649481309344612
0.00765861302286569567642053104155
0.0107219576067432767464139700651
0.0137852015664853871237711873382
0.0168483161539579182559144021903
0.0199112726222409030052651003508
0.0229740422258983016412443632809
0.0260365962212477739058133171803
0.029098905866630434620779013862
0.0321609424226805903052455140142
0.0352226771525954542717681606109
0.0382840813224048376699710047173
0.041345126201240813946613075773
0.0444057830616073541913386714973
0.0474660231796499308376200765168
0.0505258178354250871886981010912
0.0535851383131699702386465591302
0.0566439559015718242590312750324
0.0597022418940374426220024185194
0.0627599675889625753310509121081
0.0658171042900012897310753335041
0.0688736233063352818698451410924
0.0719294959529431359834091807335
0.0749846935508695295784852818929
0.0780391874274943815853773161723
0.0810929489168019410555003667814
0.08414594935964981387815263837
0.0871981601040379249917544177055
0.0902495525053774135653797714579
0.0933000979267594586270357321753
0.0963497677392240326157964714831
0.0993985333220285803355763845025
0.1024463660629166207890261051
0.105493237358386269370759231293
0.108539118613958677899864957142
0.111583981244446389972432874742
0.114627796674221609115610920278
0.117670536337484377225535784013
0.120712171678530660772317077921
0.12375267415202034225612214851
0.126792015223245114399297628109
0.129830166368396274560376627132
0.132867099074832416856756874082
0.135902784841347019483795100464
0.138937195178435924719046535341
0.14197030160856470910138550984
0.145002075666435941275773865884
0.148032488899256324995498106296
0.151061512867003724774774005179
0.154089119142694071685718708042
0.157115279312648146794815180181
0.160139964976758239735142198802
0.163163147748754679911814918467
0.166184799256472237839276359687
0.169204891142116394110298965672
0.172223395062529473497797630876
0.175240282689456641691821315506
0.178255525709811762175379510549
0.181269095825943110744072396193
0.184280964755898945175829530341
0.187291104233692927558421300687
0.190299486009569396783790160942
0.193306081850268488719654836046
0.196310863539291101570270209616
0.199313802877163703939678485892
0.202314871681702983112263434464
0.205314041788280331066919065282
0.208311285050086165742666929685
0.211306573338394085075102386306
0.214299878542824851324619594023
0.217291172571610203218957683046
0.220280427351856493434226494753
0.223267614829808148940209455823
0.226252706971110951737403547248
0.229235675761075137514941928261
0.232216493204938309760253563332
0.235195131328128166853046161087
0.238171562176525039677953851065
0.241145757816724237291969281156
0.244117690336298198184581198674
0.247087331844058444670363064424
0.250054654470317337955605824677
0.253019630367149631422458613317
0.255982231708653819675934858115
0.258942430691213280901058003132
0.261900199533757210079360815975
0.264855510478021340615915005469
0.267808335788808451930053614187
0.27075864775424866056495735228
0.273706418686059492373307685508
0.276651620919805733338264062139
0.279594226815159056591100141163
0.282534208756157423188934248661
0.285471539151464254218112520294
0.288406190434627371790949266029
0.291338135064337706505697998027
0.294267345524687768941818273909
0.297193794325429882764818004726
0.300117454002234177017188139128
0.303038297116946335174206641459
0.305956296257845098545671410592
0.308871424039899521606927216848
0.311783653105025976844879844644
0.314692956122344906707041396778
0.317599305788437320244024120402
0.320502674827601032038296132485
0.323403035992106641014431031452
0.326300362062453246728524558954
0.329194625847623900736915198594
0.332085800185340790646831843584
0.334973857942320154454100409608
0.337858772014526922775572488959
0.34074051532742908658649281352
0.343619060836251788075598393554
0.346494381526231132233340702168
0.349366450412867716791243157566
0.352235240542179878133049391959
0.355100724990956650800983362729
0.357962876867010438223130232847
0.360821669309429392290657098627
0.363677075488829499416325048107
0.36652906860760637070849866704
0.369377621900186733897635945883
0.372222708633279624655040554101
0.375064302106127274946479611446
0.377902375650755696066113372982
0.380736902632224953999048628989
0.383567856448879134763715075423
0.386395210532595997388173408452
0.389218938349036312177395410176
0.392039013397892881931509794701
0.39485540921313924377798304635
0.397668099363278049283701877225
0.400477057451589120515943231231
0.403282257116377179724258937954
0.406083672031219250318365143681
0.40888127590521172682021148975
0.411675042483217111471511641343
0.414464945546110415181145163599
0.417250958911025220499990867197
0.420033056431599404313923572764
0.422811211998220517948899742868
0.425585399538270822385272571884
0.428355593016371976281713877679
0.431121766434629374512378474284
0.433883893832876134924226591041
0.436641949288916731024721310335
0.439395906918770268313440891939
0.442145740876913401974490206012
0.444891425356522893649961277596
0.447632934589717805018080121323
0.450370242847801325903085584373
0.453103324441502234647315786316
0.455832153721215988479428914318
0.458556705077245441616157568806
0.461276952940041188838489525486
0.463992871780441532286682651862
0.466704436109912069222057757041
0.469411620480784898507070329525
0.472114399486497443558740395458
0.474812747761830889534119075821
0.477506639983148232510090801621
0.48019605086863193842345152717
0.482880955178521209540865628959
0.485561327715348856231987457029
0.488237143324177771822737682505
0.490908376892837008309449624433
0.493575003352157450718346606163
0.496236997676207087898578051189
0.498894334882525877540829445193
0.501546990032360203217329429531
0.504194938230896921242906115767
0.506838154627496995160594185216
0.509476614415928715659164425622
0.512110292834600503733838022843
0.514739165166793294905359132061
0.517363206740892502316530964109
0.519982392930619556529272800856
0.522596699155263019849227962364
0.525206100879909273008945750212
0.527810573615672772044673748749
0.530410092919925873205830541156
0.533004634396528223740282852467
0.535594173696055716402625328866
0.538178686516029005536755563553
0.540758148601141582588151545734
0.543332535743487408905393402289
0.545901823782788103694626082555
0.548465988606619684994834466486
0.551025006150638861545997215957
0.553578852398808873426400498935
0.556127503383624879339627456897
0.558670935186338888435993917707
0.561209123937184234557475339049
0.563742045815599590799464261456
0.566269677050452522287011614658
0.568791993920262575067539015818
0.571308972753423899026362682735
0.573820589928427402735742718179
0.576326821874082438152564262405
0.578827645069738013084169318089
0.581323036045503529346289884238
0.583812971382469044541484351327
0.58629742771292505539094986728
0.588776381720581800557073540989
0.591249810140788080898594864685
0.593717689760749595104780566352
0.596179997419746788659561205982
0.598636710009352214091146162103
0.601087804473647400467220174883
0.603533257809439230100430276089
0.605973047066475820433496701074
0.608407149347661909077925200415
0.610835541809273739984961005146
0.613258201661173448732106506087
0.615675106167022944913225440524
0.618086232644497289624975994362
0.620491558465497566047053680597
0.622891061056363241118482100997
0.625284717898084016316965692648
0.627672506526511165553113259681
0.63005440453256835819615444801
0.632430389562461965252603292166
0.634800439317890846724173502923
0.637164531556255618176119226863
0.639522644090867394552062548605
0.64187475479115600927627497731
0.644220841582877706689304515158
0.646560882448322305867782600629
0.648894855426519833884206207134
0.65122273861344662656746961139
0.653544510162230894829917779041
0.655860148283357754631708900671
0.658169631244873718658307302248
0.660472937372590647791979703149
0.662770045050289160463237554707
0.665060932719921497973255915099
0.667345578881813843883404954745
0.669623962094868095573153692108
0.671896060976763086072746884941
0.674161854204155254282215098313
0.676421320512878761693454789689
0.67867443869814505373730974445
0.680921187614741863882797313728
0.683161546177231658620852601293
0.685395493360149521470210968588
0.687623008198200474148313927355
0.689844069786456233055405618467
0.69205865728055139922528658381
0.694266749896879079901508375742
0.696468326912785939903126665804
0.698663367666766680949481860961
0.700851851558657947118844761442
0.703033758049831654621150448915
0.705209066663387744070446326601
0.707377756984346353448099993444
0.709539808659839409953249371617
0.711695201399301638942431169522
0.713843914974660988165794299773
0.715985929220528465512792232157
0.718121224034387388485752393706
0.720249779376782043625241580127
0.722371575271505754116683863122
0.724486591805788353813241614614
0.726594809130483065915540969424
0.728696207460252784554410260254
0.730790767073755757528403630483
0.732878468313830668453502108649
0.734959291587681116588020860889
0.737033217367059492601404071012
0.739100226188450248561257879412
0.741160298653252560418656988278
0.743213415427962381277461858314
0.745259557244353883739100827888
0.747298704899660289620004925435
0.749330839256754085344632566397
0.751355941244326621322786672856
0.753373991857067093625707973271
0.755384972155840906281225277149
0.757388863267867412514056320464
0.759385646386897033263181287904
0.761375302773387751314055282549
0.763357813754680979389285777771
0.765333160725176800547276394813
0.767301325146508579244229147596
0.769262288547716941420803528457
0.771216032525423121980652419354
0.773162538744001678033991746919
0.775101788935752566285313000943
0.777033764901072582950315148506
0.778958448508626164593115043976
0.780875821695515548280793102434
0.78278586646745028945834371427
0.784688564898916135953127575441
0.786583899133343256523965734457
0.788471851383273822376072656968
0.790352403930528940069097924824
0.792225539126374934251633261823
0.794091239391688978661643355757
0.795949487217124073838395368597
0.797800265163273369997593036245
0.799643555860833833527566798683
0.801479342010769255570531412813
0.803307606384472601159096925994
0.805128331823927697384407670221
0.80694150124187025907848701697
0.80874709762194825049958295262
0.810545104018881581515541035756
0.812335503558621136786476921913
0.814118279438507136454280329853
0.815893414927426826852756017425
0.817660893365971499758494975509
0.819420698166592838708870576393
0.821172812813758590919869769034
0.822917220864107563342798538537
0.824653905946603941405243681536
0.826382851762690928988029433174
0.828104042086443708196277555521
0.829817460764721717489063101429
0.831523091717320246738555142206
0.833220918937121347795942231783
0.834910926490244059147866214066
0.836593098516193943253525103461
0.838267419228011935159056120582
0.83993387291242250099227348526
0.841592443929981104947312196296
0.843243116715220983375218701062
0.844885875776799224603032016937
0.846520705697642153110414449436
0.848147591135090016699419497517
0.849766516821040975299525783269
0.851377467562094390056619829615
0.852980428239693411361177173832
0.854575383810266864477470584896
0.856162319305370431442225986788
0.857741219831827127907751015826
0.859312070571867073611177895537
0.860874856783266555158091435096
0.86242956379948637981545438442
0.863976177029809519015396047851
0.865514681959478040278095906195
0.86704506414982932626867196067
0.868567309238431579709673528981
0.870081402939218612877480229922
0.871587331042623920417622825264
0.873085079415714034220767382564
0.874574634002321159107841816276
0.876055980823175088079533193164
0.877529105976034395892145187595
0.878993995635816909728577678519
0.880450636054729455739974628458
0.881899013562396880240382011196
0.883339114565990344343564594166
0.884770925550354890837948769126
0.886194433078136282102488295284
0.887609623789907107873090707486
0.889016484404292161676094182872
0.890415001718093084752147786842
0.891805162606412276300722167494
0.893186954022776068882362870661
0.894560362999257167822694439039
0.895925376646596353469090272132
0.897281982154323445157840791877
0.898630166790877525756580715008
0.899969917903726425653675109839
0.901301222919485465073213344819
0.90262406934403545360121995077
0.903938444762639945815661749985
0.905244336840061751919811284695
0.906541733320678702285517535805
0.907830622028598664819936090821
0.909110990867773814076282227822
0.910382827822114151036191759798
0.911646120955600272498305860028
0.912900858412395389014737393089
0.914147028416956590324127435758
0.915384619274145357237061615084
0.91661361936933731893668654414
0.917834017168531254664446925713
0.919045801218457338767953745765
0.920248960146684628095093316685
0.921443482661727790725595678678
0.922629357553153075038398948957
0.923806573691683518120273544281
0.924975120029303392528306713279
0.92613498559936189042599342011
0.927286159516676044119834238034
0.928428630977632882030504456635
0.929562389260290819139830994153
0.93068742372448028096199484934
0.931803723811903560094566635841
0.93291127904623390441218112462
0.934010079033213835972863582036
0.935100113460752699714235935704
0.93618137209902344102405432701
0.937253844800558611276761314416
0.938317521500345600434975767947
0.939372392215921095822091230729
0.940418447047464766179409101684
0.941455676177892170128496292593
0.942484069872946888166727905137
0.943503618481291877331253824924
0.94451431243460004767391379825
0.945516142247644059696918393683
0.946509098518385341906413095392
0.947493171928062327648349459034
0.948468353241277910398400603035
0.949434633306086116684978114069
0.950392003054077995831733506752
0.951340453500466725713259468614
0.95227997574417193372504399821
0.953210560967903232176073941664
0.954132200438242967319833061818
0.955044885505728181246793318372
0.955948607604931785868856150091
0.956843358254542948233562849587
0.95772912905744668641325918604
0.958605911700802675221768795065
0.959473697956123261018501999932
0.960332479679350684867301077884
0.961182248810933513324698895909
0.962022997375902276139644591398
0.962854717483944310154126756427
0.963677401329477808701500490335
0.964491041191725075806698688215
0.965295629434784984499878873556
0.966091158507704638562423447688
0.966877620944550237031571925236
0.96765500936447714079731685518
0.968423316471799140632538754469
0.969182535056056926004687290975
0.969932657992085754024633607876
0.970673678240082317895619169607
0.97140558884567081423250647876
0.972128382939968208628792599621
0.972842053739648698856073162185
0.97354659454700737508783724014
0.974241998750023076546626197505
0.974928259822420443980695303766
0.975605371323731167383367494037
0.976273326899354428375254599768
0.976932120280616536676431576163
0.977581745284829760102470656155
0.978222195815350347524959621154
0.978853465861635744243723404793
0.979475549499300999224419658813
0.980088440890174363661461384646
0.980692134282352080332303192903
0.981286624010252363214976383744
0.981871904494668566846329089414
0.982447970242821544903670005104
0.983014815848411197497366315637
0.983572435991667206666334335551
0.98412082543939895957219580521
0.984659979045044658891045553078
0.985189891748719619904155917951
0.985710558577263753790369727612
0.986221974644288236623210830335
0.986724135150221363574628729366
0.987217035382353587824495636973
0.987700670714881743670124150139
0.988175036608952453322717443908
0.988640128612704716867235350258
0.98909594236131168484795080115
0.989542473577021612923092137897
0.989979718069197998007294864412
0.990407671734358895288697897877
0.990826330556215415466600523801
0.991235690605709401503324814261
0.991635748041050284117315217126
0.99202649910775111515968421352
0.992407940138663777908345906999
0.992780067554013373175976634649
0.993142877861431779951619167949
0.993496367655990389069289203291
0.993840533620232008105074399021
0.994175372524201935326260840084
0.994500881225478200023963678319
0.994817056669200965916314532794
0.995123895888101093459769736113
0.995421396002527855778327414666
0.995709554220475801411680381553
0.995988367837610755048118467782
0.99625783423729494463810443625
0.99651795089061123947848517017
0.996768715356386478573790682072
0.997010125281213861165118117393
0.997242178399474360783936226964
0.997464872533357109035341100941
0.997678205592878673214519027829
0.997882175575901119141968651917
0.99807678056814870137810965118
0.998262018743222947605816477035
0.998437888362615786326511306559
0.998604387775720179494037456232
0.998761515419837415804749013116
0.998909269820179708390131697714
0.999047649589865859041538192224
0.999176653429906183733033770418
0.999296280129170005612751890509
0.999406528564323475717859826278
0.999507397699714321809587889243
0.999598886587156410638669706436
0.999680994365513274975615465735
0.999753720259848300768403259274
0.999817063579556132949212931053
0.999871023713823330788426879893
0.999915600119017129467601382693
0.999950792276393111962065223954
0.999976599503463495868913291466
0.999993019562800827486765746626
