-0.999972159831696455794874603578
-0.999906672259121643006383971351
-0.999803748324671902940508519796
-0.999663399838505629246106122238
-0.999485633458623596364688707
-0.999270456239236403191391270156
-0.999017876382856979801011110986
-0.9987279034086939415953380342
-0.998400548202617791042945861727
-0.998035823034884631749974204284
-0.997633741567158964899436292805
-0.99719431885542418713789330602
-0.996717571351115744113805901316
-0.996203516901403468613960950364
-0.995652174749025344018985935858
-0.995063565531860626748156356406
-0.994437711282335679632902627669
-0.993774635426711360851932264362
-0.993074362784278696027850328366
-0.992336919566478042326467134712
-0.991562333375950704153134564463
-0.990750633205528445779058847954
-0.989901849437164306233548291554
-0.989016013840806903660876374927
-0.988093159573219670357942861404
-0.987133321176745992423590062626
-0.986136534578020929253534776441
-0.985102837086629993699843569747
-0.984032267393715345131343071009
-0.982924865570529661392785958962
-0.981780673066937897130892710361
-0.980599732709867095848342286959
-0.979382088701704395370102026217
-0.978127786618643347232544832854
-0.976836873408978657222570996607
-0.975509397391349445140616529101
-0.974145408252931115635847084278
-0.972744957047575927833468844352
-0.971308096193902348862691081137
-0.969834879473333274889786884067
-0.968325362028083202571808637204
-0.966779600359094433762573562861
-0.965197652323922396670864175855
-0.963579577134570167379581301381
-0.96192543535527227660130823895
-0.960235288900227887709001317411
-0.958509201031283433394315710166
-0.95674723635556479973570062153
-0.954949460823059147977495149251
-0.953115941724146465909675775859
-0.951246747687080942380150787352
-0.949341948675422260155574699312
-0.947401615985416904063234963803
-0.945425822243329583088340234207
-0.94341464140272486686226654884
-0.941368148741699138753447017249
-0.939286420860062969560003973176
-0.937169535676474017599026485779
-0.935017572425520562789263906697
-0.932830611654755784130056810717
-0.930608735221682891788031285256
-0.92835202629069122681319121018
-0.926060569329943443316528410954
-0.923734450108213889751282557294
-0.921373755691678307748814250414
-0.918978574440654968767113640286
-0.916548996006297370614753793973
-0.914085111327238617715188935357
-0.911587012626187610775330008703
-0.909054793406477173317991334989
-0.906488548448564244329821073941
-0.903888373806482268064467206546
-0.901254366804245913824780110526
-0.898586626032208260327625870549
-0.895885251343370581030213737821
-0.893150343849644868567575052587
-0.89038200591806923821683119224
-0.887580341166976352065027572518
-0.88474545446211500731347163467
-0.881877451912725033902585209763
-0.878976440867565648387162442723
-0.87604252991089741273251601765
-0.873075828858417948437203998466
-0.870076448753151558117768538108
-0.867044501861292908415100887606
-0.863980101668004929800592451439
-0.860883362873171090573059597191
-0.857754401387102204044463308629
-0.854593334326197929613608314169
-0.851400280008563130122226490958
-0.848175357949579249577054113591
-0.844918688857430877004631194578
-0.841630394628587663882514242373
-0.838310598343241764261332787832
-0.834959424260700968356567492074
-0.83157699781473770204701689064
-0.828163445608894066368584965799
-0.824718895411743092737197590874
-0.821243476152106391273277923996
-0.817737317914228371232215107425
-0.814200551932907214170583770563
-0.810633310588582782096450976079
-0.807035727402381644463880012272
-0.803407937031119409476644903935
-0.799750075262260546764144208935
-0.79606227900883589008348652637
-0.792344686304318010285652503193
-0.788597436297454650360458714807
-0.784820669247060415944697710626
-0.781014526516766916240246221124
-0.777179150569731551844060836482
-0.773314684963305147539758554061
-0.769421274343658629640849959158
-0.765499064440368949008597293229
-0.761548202060964452392850449832
-0.757568835085429906262013522619
-0.753561112460671378798455738241
-0.749525184194941187238146589109
-0.745461201352223119228009206235
-0.741369316046578138361392269789
-0.737249681436450785531103151824
-0.733102451718936489210567946636
-0.728927782124009999236832311542
-0.724725828908715160124235673629
-0.720496749351316241384625732857
-0.716240701745411043768876002768
-0.71195784539400600177517238921
-0.707648340603553504191991845982
-0.703312348677951655857853614508
-0.698950031912506705225728423794
-0.69456155358785836371739058932
-0.69014707796386824424193982045
-0.685706770273471647633151664186
-0.681240796716492927132186142658
-0.676749324453424662405441872892
-0.672232521599170875941936708122
-0.667690557216754526020474957384
-0.663123601310989511773975101967
-0.658531824822117427206630543352
-0.653915399619409302339009530764
-0.649274498494732570966719605821
-0.644609295156083505819817582073
-0.639919964221085363202689501666
-0.635206681210452480477607773047
-0.630469622541420571029546726941
-0.625708965521143462615055410217
-0.620924888340056526254000190734
-0.616117570065207044069752638969
-0.611287190633551765720863500318
-0.606433930845221904295385040751
-0.60155797235675582375773565457
-0.596659497674299671247296735503
-0.591738690146776208727747154591
-0.586795733959022099676430339699
-0.581830814124893907683768348547
-0.576844116480343065003842265842
-0.571835827676460070258704891742
-0.56680613517248817565073654209
-0.561755227228806825179354733129
-0.556683292899885106490600822402
-0.551590522027205480110508937991
-0.546477105232158050925672733224
-0.541343233908905647877022006544
-0.536189100217219978925462750958
-0.531014897075289129430679842029
-0.525820818152496673157010809634
-0.52060705786217266618283181504
-0.515373811354316795042313296519
-0.510121274508293951470663358466
-0.504849643925502507156042845541
-0.499559116922015562923168531511
-0.494249891521195447785181712181
-0.48892216644628174430161085772
-0.483576141112953117671161372591
-0.478212015621863226968585839281
-0.472829990751150997904987682228
-0.467430267948925537450553667942
-0.462013049325725971607860135105
-0.456578537646956488562518796114
-0.451126936325296870365985234882
-0.445658449413088797222812106294
-0.440173281594698209361455178461
-0.434671638178854012363899806373
-0.429153725090963412714834640077
-0.423619748865404171205825208472
-0.418069916637794062693899739184
-0.41250443613723783156712083684
-0.406923515678551933112047511691
-0.401327364154467351809460998877
-0.39571619102781078840530371278
-0.390090206323664508413432826423
-0.384449620621505145505488046451
-0.378794645047321754030887274391
-0.373125491265713405686664519662
-0.367442371471966626122522587029
-0.361745498384112968021060041646
-0.356035085234967017936619514042
-0.350311345764145134908564716164
-0.344574494210065219585999185297
-0.338824745301927813310963760354
-0.333062314251678827305965548058
-0.327287416745954202799272498068
-0.32150026893800680359772893965
-0.315701087439615843281883223116
-0.309890089312979149851944064536
-0.304067492062588571295472842835
-0.298233513627088826178750899741
-0.292388372371120103983410225133
-0.286532287077144720518159579843
-0.280665476937258134332253347945
-0.274788161544984630642714882259
-0.268900560887057979861217899819
-0.26300289533518737836892711758
-0.257095385637808979738481741964
-0.251178252911823325141652019488
-0.24525171863431898220898963167
-0.23931600463428270212400752061
-0.233371333084296405239044439958
-0.227417926492221305992975251503
-0.221456007692869488392301277125
-0.215485799839663243786877851443
-0.209507526396282483129591020421
-0.203521411128300536355664950501
-0.197527678094808651951949343784
-0.191526551640029510209485727797
-0.185518256384920064063867072462
-0.179503017218764021827371390132
-0.173481059290754286504551845064
-0.167452608001565666758888924632
-0.161417888994918174962240335282
-0.155377128149131228111147852183
-0.149330551568669067734564185328
-0.143278385575677715246234281424
-0.137220856701513779511792058073
-0.131158191678265433705603505721
-0.125090617430265878825488978583
-0.119018361065599611514680357472
-0.112941649867601814109702078941
-0.106860711286351185090298705376
-0.100775772930156528353056123724
-0.0946870625570374199639694166857
-0.0885948080661992712668892052956
-0.0824992374895031074345215187194
-0.0764005789829303807464561548799
-0.0702990608180431380645476507265
-0.0641949113734398621498644271518
-0.0580883591262073066273489020336
-0.0519796326433686445542883146972
-0.0458689605733282506866770633762
-0.0397565716373134376635513593725
-0.0336426946208134664433912314052
-0.0275275583650161514287091035522
-0.0214113917582423808049745014593
-0.0152944237273788726980575442988
-0.00917688322930948782040683351922
-0.00305899924234541933020768214151
0.00305899924234541933020768214151
0.00917688322930948782040683351922
0.0152944237273788726980575442988
0.0214113917582423808049745014593
0.0275275583650161514287091035522
0.0336426946208134664433912314052
0.0397565716373134376635513593725
0.0458689605733282506866770633762
0.0519796326433686445542883146972
0.0580883591262073066273489020336
0.0641949113734398621498644271518
0.0702990608180431380645476507265
0.0764005789829303807464561548799
0.0824992374895031074345215187194
0.0885948080661992712668892052956
0.0946870625570374199639694166857
0.100775772930156528353056123724
0.106860711286351185090298705376
0.112941649867601814109702078941
0.119018361065599611514680357472
0.125090617430265878825488978583
0.131158191678265433705603505721
0.137220856701513779511792058073
0.143278385575677715246234281424
0.149330551568669067734564185328
0.155377128149131228111147852183
0.161417888994918174962240335282
0.167452608001565666758888924632
0.173481059290754286504551845064
0.179503017218764021827371390132
0.185518256384920064063867072462
0.191526551640029510209485727797
0.197527678094808651951949343784
0.203521411128300536355664950501
0.209507526396282483129591020421
0.215485799839663243786877851443
0.221456007692869488392301277125
0.227417926492221305992975251503
0.233371333084296405239044439958
0.23931600463428270212400752061
0.24525171863431898220898963167
0.251178252911823325141652019488
0.257095385637808979738481741964
0.26300289533518737836892711758
0.268900560887057979861217899819
0.274788161544984630642714882259
0.280665476937258134332253347945
0.286532287077144720518159579843
0.292388372371120103983410225133
0.298233513627088826178750899741
0.304067492062588571295472842835
0.309890089312979149851944064536
0.315701087439615843281883223116
0.32150026893800680359772893965
0.327287416745954202799272498068
0.333062314251678827305965548058
0.338824745301927813310963760354
0.344574494210065219585999185297
0.350311345764145134908564716164
0.356035085234967017936619514042
0.361745498384112968021060041646
0.367442371471966626122522587029
0.373125491265713405686664519662
0.378794645047321754030887274391
0.384449620621505145505488046451
0.390090206323664508413432826423
0.39571619102781078840530371278
0.401327364154467351809460998877
0.406923515678551933112047511691
0.41250443613723783156712083684
0.418069916637794062693899739184
0.423619748865404171205825208472
0.429153725090963412714834640077
0.434671638178854012363899806373
0.440173281594698209361455178461
0.445658449413088797222812106294
0.451126936325296870365985234882
0.456578537646956488562518796114
0.462013049325725971607860135105
0.467430267948925537450553667942
0.472829990751150997904987682228
0.478212015621863226968585839281
0.483576141112953117671161372591
0.48892216644628174430161085772
0.494249891521195447785181712181
0.499559116922015562923168531511
0.504849643925502507156042845541
0.510121274508293951470663358466
0.515373811354316795042313296519
0.52060705786217266618283181504
0.525820818152496673157010809634
0.531014897075289129430679842029
0.536189100217219978925462750958
0.541343233908905647877022006544
0.546477105232158050925672733224
0.551590522027205480110508937991
0.556683292899885106490600822402
0.561755227228806825179354733129
0.56680613517248817565073654209
0.571835827676460070258704891742
0.576844116480343065003842265842
0.581830814124893907683768348547
0.586795733959022099676430339699
0.591738690146776208727747154591
0.596659497674299671247296735503
0.60155797235675582375773565457
0.606433930845221904295385040751
0.611287190633551765720863500318
0.616117570065207044069752638969
0.620924888340056526254000190734
0.625708965521143462615055410217
0.630469622541420571029546726941
0.635206681210452480477607773047
0.639919964221085363202689501666
0.644609295156083505819817582073
0.649274498494732570966719605821
0.653915399619409302339009530764
0.658531824822117427206630543352
0.663123601310989511773975101967
0.667690557216754526020474957384
0.672232521599170875941936708122
0.676749324453424662405441872892
0.681240796716492927132186142658
0.685706770273471647633151664186
0.69014707796386824424193982045
0.69456155358785836371739058932
0.698950031912506705225728423794
0.703312348677951655857853614508
0.707648340603553504191991845982
0.71195784539400600177517238921
0.716240701745411043768876002768
0.720496749351316241384625732857
0.724725828908715160124235673629
0.728927782124009999236832311542
0.733102451718936489210567946636
0.737249681436450785531103151824
0.741369316046578138361392269789
0.745461201352223119228009206235
0.749525184194941187238146589109
0.753561112460671378798455738241
0.757568835085429906262013522619
0.761548202060964452392850449832
0.765499064440368949008597293229
0.769421274343658629640849959158
0.773314684963305147539758554061
0.777179150569731551844060836482
0.781014526516766916240246221124
0.784820669247060415944697710626
0.788597436297454650360458714807
0.792344686304318010285652503193
0.79606227900883589008348652637
0.799750075262260546764144208935
0.803407937031119409476644903935
0.807035727402381644463880012272
0.810633310588582782096450976079
0.814200551932907214170583770563
0.817737317914228371232215107425
0.821243476152106391273277923996
0.824718895411743092737197590874
0.828163445608894066368584965799
0.83157699781473770204701689064
0.834959424260700968356567492074
0.838310598343241764261332787832
0.841630394628587663882514242373
0.844918688857430877004631194578
0.848175357949579249577054113591
0.851400280008563130122226490958
0.854593334326197929613608314169
0.857754401387102204044463308629
0.860883362873171090573059597191
0.863980101668004929800592451439
0.867044501861292908415100887606
0.870076448753151558117768538108
0.873075828858417948437203998466
0.87604252991089741273251601765
0.878976440867565648387162442723
0.881877451912725033902585209763
0.88474545446211500731347163467
0.887580341166976352065027572518
0.89038200591806923821683119224
0.893150343849644868567575052587
0.895885251343370581030213737821
0.898586626032208260327625870549
0.901254366804245913824780110526
0.903888373806482268064467206546
0.906488548448564244329821073941
0.909054793406477173317991334989
0.911587012626187610775330008703
0.914085111327238617715188935357
0.916548996006297370614753793973
0.918978574440654968767113640286
0.921373755691678307748814250414
0.923734450108213889751282557294
0.926060569329943443316528410954
0.92835202629069122681319121018
0.930608735221682891788031285256
0.932830611654755784130056810717
0.935017572425520562789263906697
0.937169535676474017599026485779
0.939286420860062969560003973176
0.941368148741699138753447017249
0.94341464140272486686226654884
0.945425822243329583088340234207
0.947401615985416904063234963803
0.949341948675422260155574699312
0.951246747687080942380150787352
0.953115941724146465909675775859
0.954949460823059147977495149251
0.95674723635556479973570062153
0.958509201031283433394315710166
0.960235288900227887709001317411
0.96192543535527227660130823895
0.963579577134570167379581301381
0.965197652323922396670864175855
0.966779600359094433762573562861
0.968325362028083202571808637204
0.969834879473333274889786884067
0.971308096193902348862691081137
0.972744957047575927833468844352
0.974145408252931115635847084278
0.975509397391349445140616529101
0.976836873408978657222570996607
0.978127786618643347232544832854
0.979382088701704395370102026217
0.980599732709867095848342286959
0.981780673066937897130892710361
0.982924865570529661392785958962
0.984032267393715345131343071009
0.985102837086629993699843569747
0.986136534578020929253534776441
0.987133321176745992423590062626
0.988093159573219670357942861404
0.989016013840806903660876374927
0.989901849437164306233548291554
0.990750633205528445779058847954
0.991562333375950704153134564463
0.992336919566478042326467134712
0.993074362784278696027850328366
0.993774635426711360851932264362
0.994437711282335679632902627669
0.995063565531860626748156356406
0.995652174749025344018985935858
0.996203516901403468613960950364
0.996717571351115744113805901316
0.99719431885542418713789330602
0.997633741567158964899436292805
0.998035823034884631749974204284
0.998400548202617791042945861727
0.9987279034086939415953380342
0.999017876382856979801011110986
0.999270456239236403191391270156
0.999485633458623596364688707
0.999663399838505629246106122238
0.999803748324671902940508519796
0.999906672259121643006383971351
0.999972159831696455794874603578
