-0.99988928830174525867161400848
-0.999628876633602654897446982564
-0.999219633278812180921996271901
-0.99866165079955597727767490787
-0.997955017836921152635204513272
-0.99709984116385412974781738555
-0.99609624866139010907526626811
-0.994944389970566058305287102683
-0.993644436670296850136877312244
-0.992196582323953994301019068403
-0.990601042480316491246959125315
-0.988858054655099428282539529104
-0.986967878302350586287607120127
-0.98493079477940482514357446855
-0.982747107307001522154471819165
-0.98041714092531856599697951176
-0.977941242446300755837248616524
-0.975319780402483935710286025385
-0.972553144992428714568088670324
-0.969641748022832288452225013638
-0.966586022847362501712255868031
-0.963386424302244779778630390174
-0.96004342863862492304125829554
-0.956557533451726375349853025695
-0.952929257606818080773339756639
-0.949159141162007649126709460046
-0.945247745287873826447609776215
-0.94119565218395195527952402451
-0.937003464992086058319771765881
-0.932671807706661294240979500233
-0.928201325081730758024674362809
-0.923592682535050892957338186193
-0.918846566049040123634195355662
-0.913963682068675693206773786708
-0.908944757396344083241580840736
-0.903790539083660803859186386748
-0.898501794320275760447765722789
-0.893079310319680827823022511023
-0.887523894202036690863398097663
-0.881836372874036440690320221498
-0.876017592905823846160547746212
-0.870068420404984650889951467233
-0.863989740887629675563202582778
-0.857782459146588933392625804362
-0.851447499116736392879543507561
-0.844985803737465446194925605616
-0.838398334812335563286852847067
-0.831686072865911031039339891724
-0.824850016997813093283231588431
-0.817891184734007221053122912783
-0.81081061187534765307147209873
-0.80360935234340175391361500005
-0.796288478023577141567649113113
-0.788849078605574937062105956695
-0.781292261421192886409633850456
-0.773619151279502499229520845848
-0.765830890299424738992974746399
-0.757928637739729186813233897609
-0.749913569826481984011196299924
-0.741786879577968238262037255467
-0.733549776627114953906908651503
-0.72520348704144091893562609904
-0.71674925314056034915206423325
-0.708188333311267454065898047844
-0.699522001820229449055612059386
-0.690751548624315894262670418506
-0.681878279178592592450699465881
-0.672903514242008625642696144513
-0.663828589680805453680726484606
-0.654654856269677336884235319464
-0.64538367949071267966367222915
-0.636016439330146222225152165298
-0.626554530072952333329580838453
-0.616999360095309978397107310879
-0.607352351654970254026687519807
-0.597614940679557692183460830252
-0.58778857655283684484680189575
-0.577874721898975962763291656768
-0.567874852364839880066168371855
-0.557790456400344509861521717743
-0.54762303503690564439776693801
-0.537374101664015037085708117489
-0.52704518180397702237943891715
-0.516637812884839203321850657884
-0.506153544011551005361786583536
-0.495593935735384158822816607429
-0.48496055982164943110688634633
-0.47425499901574418331115806479
-0.463478846807565574385416937319
-0.452633707194324479223443408519
-0.441721194441795425128507650391
-0.430742932844038083885162749452
-0.419700556481626084172122845237
-0.408595708978419131230325139003
-0.397430043256914637523199858186
-0.386205221292215279560419010772
-0.374922913864649102070476436683
-0.363584800311078991270690238593
-0.352192568274938534065749089901
-0.340747913455031469578698308003
-0.32925253935313212345305342209
-0.317708157020424393834137119948
-0.306116484802817030815188122235
-0.294479248085173118393549071039
-0.282798179034491829599403198124
-0.271075016342080681410035143034
-0.259311504964756666323222632639
-0.24750939586511478201175303679
-0.235670445750902619295682990257
-0.223796416813539801729155068712
-0.211889076465821197384544545845
-0.199950197078842944909482939817
-0.187981555718190451613807346793
-0.17598493387942763119649465307
-0.163962117222926752730804577605
-0.151914895308078370673692263473
-0.13984506132692089793844941229
-0.127754411837229470453756961538
-0.115644746495103832115022911484
-0.103517867787095043603055535358
-0.0913755807619108871896845937618
-0.0792196927617399023596730244659
-0.0670520131532340438438240689159
-0.0548743530581900044711339599458
-0.0426885250839692901006042717422
-0.0304963430536971727792341903307
-0.0182996217362806811859728841854
-0.00610017657628581435712649687659
0.00610017657628581435712649687659
0.0182996217362806811859728841854
0.0304963430536971727792341903307
0.0426885250839692901006042717422
0.0548743530581900044711339599458
0.0670520131532340438438240689159
0.0792196927617399023596730244659
0.0913755807619108871896845937618
0.103517867787095043603055535358
0.115644746495103832115022911484
0.127754411837229470453756961538
0.13984506132692089793844941229
0.151914895308078370673692263473
0.163962117222926752730804577605
0.17598493387942763119649465307
0.187981555718190451613807346793
0.199950197078842944909482939817
0.211889076465821197384544545845
0.223796416813539801729155068712
0.235670445750902619295682990257
0.24750939586511478201175303679
0.259311504964756666323222632639
0.271075016342080681410035143034
0.282798179034491829599403198124
0.294479248085173118393549071039
0.306116484802817030815188122235
0.317708157020424393834137119948
0.32925253935313212345305342209
0.340747913455031469578698308003
0.352192568274938534065749089901
0.363584800311078991270690238593
0.374922913864649102070476436683
0.386205221292215279560419010772
0.397430043256914637523199858186
0.408595708978419131230325139003
0.419700556481626084172122845237
0.430742932844038083885162749452
0.441721194441795425128507650391
0.452633707194324479223443408519
0.463478846807565574385416937319
0.47425499901574418331115806479
0.48496055982164943110688634633
0.495593935735384158822816607429
0.506153544011551005361786583536
0.516637812884839203321850657884
0.52704518180397702237943891715
0.537374101664015037085708117489
0.54762303503690564439776693801
0.557790456400344509861521717743
0.567874852364839880066168371855
0.577874721898975962763291656768
0.58778857655283684484680189575
0.597614940679557692183460830252
0.607352351654970254026687519807
0.616999360095309978397107310879
0.626554530072952333329580838453
0.636016439330146222225152165298
0.64538367949071267966367222915
0.654654856269677336884235319464
0.663828589680805453680726484606
0.672903514242008625642696144513
0.681878279178592592450699465881
0.690751548624315894262670418506
0.699522001820229449055612059386
0.708188333311267454065898047844
0.71674925314056034915206423325
0.72520348704144091893562609904
0.733549776627114953906908651503
0.741786879577968238262037255467
0.749913569826481984011196299924
0.757928637739729186813233897609
0.765830890299424738992974746399
0.773619151279502499229520845848
0.781292261421192886409633850456
0.788849078605574937062105956695
0.796288478023577141567649113113
0.80360935234340175391361500005
0.81081061187534765307147209873
0.817891184734007221053122912783
0.824850016997813093283231588431
0.831686072865911031039339891724
0.838398334812335563286852847067
0.844985803737465446194925605616
0.851447499116736392879543507561
0.857782459146588933392625804362
0.863989740887629675563202582778
0.870068420404984650889951467233
0.876017592905823846160547746212
0.881836372874036440690320221498
0.887523894202036690863398097663
0.893079310319680827823022511023
0.898501794320275760447765722789
0.903790539083660803859186386748
0.908944757396344083241580840736
0.913963682068675693206773786708
0.918846566049040123634195355662
0.923592682535050892957338186193
0.928201325081730758024674362809
0.932671807706661294240979500233
0.937003464992086058319771765881
0.94119565218395195527952402451
0.945247745287873826447609776215
0.949159141162007649126709460046
0.952929257606818080773339756639
0.956557533451726375349853025695
0.96004342863862492304125829554
0.963386424302244779778630390174
0.966586022847362501712255868031
0.969641748022832288452225013638
0.972553144992428714568088670324
0.975319780402483935710286025385
0.977941242446300755837248616524
0.98041714092531856599697951176
0.982747107307001522154471819165
0.98493079477940482514357446855
0.986967878302350586287607120127
0.988858054655099428282539529104
0.990601042480316491246959125315
0.992196582323953994301019068403
0.993644436670296850136877312244
0.994944389970566058305287102683
0.99609624866139010907526626811
0.99709984116385412974781738555
0.997955017836921152635204513272
0.99866165079955597727767490787
0.999219633278812180921996271901
0.999628876633602654897446982564
0.99988928830174525867161400848
